Fri Sep 22 11:22:37 2017 epoch 1 finished, loss 0.108220
Fri Sep 22 11:23:25 2017 epoch 2 finished, loss 0.043438
Fri Sep 22 11:23:26 2017 after epoch 2, error ratio is 0.171500
W: [[-0.04184184  0.0489665   0.02877541 ..., -0.07876361 -0.04270131
   0.0245262 ]
 [ 0.09176932  0.09627386  0.05557584 ..., -0.08679145  0.0717949
   0.09208369]
 [ 0.02277187  0.04085077 -0.03083025 ...,  0.02774666  0.00291379
  -0.09186053]
 ..., 
 [ 0.01074193 -0.00916614  0.06278287 ..., -0.00542825  0.05254616
   0.08568066]
 [ 0.00152967  0.08943492 -0.01796224 ...,  0.01294654 -0.02794344
   0.00556163]
 [ 0.08587538 -0.08571832  0.09009972 ..., -0.09579411  0.0492365
  -0.07343576]]
b:[[ -1.88427502e-05]
 [  2.08175519e-04]
 [  3.41454039e-04]
 [  3.70369068e-04]
 [  3.95765596e-04]
 [ -3.31950131e-04]
 [ -3.70494676e-04]
 [  4.84282722e-04]
 [  3.54296633e-04]
 [  7.78959269e-04]
 [  8.90044789e-04]
 [ -8.66172225e-04]
 [ -5.86325597e-04]
 [  1.95089405e-04]
 [  5.96187370e-04]
 [  4.27693852e-04]
 [ -3.29637046e-05]
 [  1.72087690e-04]
 [ -2.77597915e-05]
 [ -4.75762099e-04]
 [  8.74519553e-05]
 [  5.01040159e-04]
 [ -2.66378475e-04]
 [  1.33636445e-04]
 [  3.65662964e-04]
 [  1.24264130e-04]
 [ -1.53417107e-04]
 [  5.50320716e-04]
 [  2.60100728e-05]
 [  2.32315958e-04]
 [  2.45032337e-04]
 [  2.05825890e-04]
 [  6.68211663e-04]
 [  1.74801549e-06]
 [  1.47566047e-04]
 [  4.11615354e-04]
 [  7.33146267e-04]
 [ -5.06531472e-04]
 [  1.11160599e-03]
 [  1.97856163e-04]
 [  5.59600722e-04]
 [  4.44092896e-04]
 [ -2.36792987e-04]
 [ -2.30038346e-04]
 [  2.78605996e-04]
 [  5.83899734e-04]
 [  4.12089572e-04]
 [ -7.78655676e-04]
 [ -1.20483117e-04]
 [  2.10837464e-04]
 [  1.95360965e-04]
 [  5.95605959e-04]
 [  4.40327350e-04]
 [ -8.70649837e-04]
 [  4.72247420e-04]
 [ -4.96383405e-04]
 [ -2.66770172e-04]
 [ -2.94694014e-04]
 [  1.03554380e-04]
 [ -5.47775648e-04]
 [  3.36343005e-04]
 [ -5.86454293e-04]
 [  7.13143770e-04]
 [  8.28128257e-04]
 [ -9.15382960e-05]
 [  4.37533660e-04]
 [  4.51426307e-04]
 [ -3.61402689e-04]
 [ -1.60255848e-04]
 [ -4.40810423e-04]
 [  3.51076830e-04]
 [  2.73049299e-04]
 [  4.29532842e-04]
 [  6.61669154e-05]
 [ -2.74152564e-04]
 [ -1.84763671e-04]
 [  7.27221184e-04]
 [  5.57755115e-04]
 [  9.50676934e-04]
 [  2.49469459e-04]
 [ -7.10201116e-04]
 [  1.70796957e-04]
 [ -4.70204009e-05]
 [  1.95817091e-04]
 [ -5.12514392e-04]
 [  1.18868490e-04]
 [  4.43443247e-04]
 [  2.93801523e-04]
 [  3.76871462e-04]
 [  7.40591311e-04]
 [ -4.55215807e-04]
 [  5.12310740e-04]
 [  5.31613939e-04]
 [ -5.66219840e-04]
 [  5.97785259e-04]
 [ -3.90805732e-04]
 [  1.60079554e-05]
 [  5.47299094e-04]
 [  1.26394563e-04]
 [  2.69764405e-04]]
W: [[ -4.13322060e-01  -2.26272498e-01   2.24887247e-01  -2.62949693e-01
    3.25234820e-01   2.67794814e-01  -5.02617518e-03  -1.02058569e-01
   -2.58463874e-02  -7.23058795e-02  -1.82109623e-01   5.69672390e-01
    2.12965991e-01  -2.28219306e-01  -1.77023182e-01  -1.01248524e-01
   -1.26863626e-01  -1.39133849e-01  -9.83833266e-02   5.81968065e-01
   -1.48114438e-01   3.73033609e-01   6.81212478e-01   1.10199889e-01
   -7.98125519e-03  -1.53785411e-01  -2.08528943e-01   2.04441759e-01
   -2.28396545e-01   7.21270732e-02  -1.29884499e-01  -1.63594832e-01
   -1.13432711e-01  -6.70853068e-02  -9.47301341e-02  -3.28443720e-01
   -2.02719755e-01  -2.04629774e-01  -1.07993123e+00  -1.33596843e-01
    2.88306925e-02   1.62125207e-01  -8.13111982e-02   1.12804252e-01
   -1.65823270e-01  -1.13997273e-02  -2.18201906e-02   4.61265337e-01
   -1.89023208e-01  -9.02527237e-02  -1.70923455e-01  -1.60445971e-01
    7.49959584e-02  -5.16149010e-02  -2.72861954e-01  -1.61680287e-01
   -1.75936012e-01  -1.60770274e-01   1.80092862e-01  -6.62433031e-01
   -8.70029835e-02   8.13109522e-01   4.58605625e-01  -4.45538889e-01
   -1.30373232e-01   5.21206031e-02   9.76449216e-03  -2.99193403e-01
    5.24507195e-02   1.68640880e-01   1.97849523e-01  -4.53423866e-02
    1.30442295e-01  -8.00334495e-02   6.42921631e-02  -2.40077912e-01
    1.41740567e-01   3.13176539e-02   1.32096131e-01   8.57142469e-02
   -2.86208059e-01  -2.47583534e-01  -1.20107704e-02  -1.12559526e-01
    1.45449726e-01  -1.72797815e-01  -3.75855532e-02   5.43138633e-02
   -2.08519026e-01   1.73247326e-01   5.73449820e-01   6.60596884e-03
   -1.22238740e-01  -1.89035353e-01   2.51239718e-01  -1.22918132e-01
    6.40143962e-02  -2.47512559e-01   1.64612020e-01  -2.88478114e-01]
 [ -3.82230182e-03  -4.38549665e-02   8.61809614e-02   6.45692606e-01
    2.87261340e-01  -3.49000307e-01  -1.08913487e-01  -1.41595481e-01
    7.30341361e-02  -2.50770693e-01   4.48835743e-01  -1.34825322e-02
   -5.85835652e-02  -1.14832453e-01   1.05872517e-01   6.72316346e-02
   -2.21612379e-02  -1.48822696e-01  -7.71597508e-02   3.42077112e-01
    4.30170496e-01   3.86556516e-01  -1.32490221e-01   8.71584164e-02
    1.48653769e-02  -6.33059901e-02  -1.30181157e-01  -1.06001863e-01
    7.83424516e-02  -2.55386242e-01   1.09241796e-01  -1.14258275e-01
    3.83283483e-01  -9.91087332e-02  -3.50746649e-02   7.31696471e-02
   -5.14004973e-02  -1.09242537e-03  -9.73895698e-02   2.75600624e-01
    2.79277078e-01   1.85895253e-01  -1.54257855e-01  -1.40819250e-01
   -3.22456866e-01   8.38267255e-02  -1.61177720e-01  -2.16875415e-01
   -9.18065627e-02   5.01068593e-02  -1.25763249e-01  -3.35888255e-02
   -1.99245687e-01   4.31080390e-01   1.61859419e-02   2.19950542e-01
    1.67570264e-01   4.10974515e-01  -2.09871512e-01   8.51900053e-02
   -1.33506114e-01  -1.08708974e-02  -1.56215843e-01   1.86047685e-02
    1.25346568e-02   8.73008547e-02   2.69748536e-01   5.78457175e-02
    6.10132844e-01   9.12616008e-02   2.21483124e-02  -4.03533271e-01
   -2.69785078e-01  -1.09886751e-01  -6.81204013e-02  -1.86730989e-01
   -8.43213570e-02   1.28468748e-01   1.09234180e-03  -5.19106261e-01
   -3.69545044e-01  -1.75989015e-01   5.33758203e-02   3.29048646e-05
   -3.48331171e-01  -4.81926118e-01   4.14873439e-02   3.77400321e-01
    4.05312035e-01  -3.32024625e-01  -1.46087509e-01  -2.65188097e-01
    2.84110037e-02  -3.08905879e-01   1.07096275e-01   4.31284415e-02
    3.13043222e-01   1.82734068e-01  -5.82546610e-02  -8.98361772e-02]
 [  4.79023153e-01  -5.44808371e-02  -4.88340714e-01   1.10052189e-02
   -1.23887237e-01   3.67928555e-01   1.07077563e-01  -3.28030871e-01
    1.36143741e-01  -3.14397643e-02  -4.13345716e-01   1.10664499e-01
   -1.91544593e-03  -2.08535695e-01   2.31706373e-01  -2.03926590e-01
   -7.51747138e-02  -1.80782838e-01  -5.40490274e-02  -4.40844971e-01
   -2.12637841e-01  -1.51931561e-01  -1.08674188e-01  -1.21419720e-01
    1.08591445e-01   1.14495509e-01  -2.85551181e-01   1.62630447e-01
    1.54839114e-01   2.91474031e-01  -1.12847348e-01  -1.72817160e-01
   -8.58527540e-02   4.93134073e-02  -1.20596898e-01  -8.28071159e-02
   -2.64217035e-01  -2.57050297e-01   1.09738915e-01   2.87813866e-01
   -2.13112296e-02  -7.40925881e-01  -1.87635167e-01  -1.38864446e-01
   -6.12248617e-02   1.05476172e-01   5.79613767e-02   3.93213371e-01
   -1.32095866e-03  -2.79491173e-02   5.11889317e-02  -2.91650716e-01
    2.41789139e-01  -4.08298600e-01  -1.68805891e-01   3.89161672e-01
   -2.59486586e-01  -1.11869238e-01   3.55699203e-01  -5.19887453e-01
   -1.58702012e-01   6.63182678e-01  -4.12178523e-01  -2.73479611e-01
    1.04139459e-01   1.33205909e-01   2.19427627e-02   1.98582237e-02
   -2.21576629e-01  -6.37708842e-02  -4.32858120e-01   3.84028291e-01
   -1.34627495e-01  -1.99420485e-02  -3.72589283e-01  -5.74176424e-02
    3.49936326e-01  -2.96080884e-01  -2.18359704e-01  -2.56044446e-01
    7.24645418e-02  -1.65107674e-01   1.26810280e-01  -3.76192855e-01
    2.94631662e-01   3.67214727e-02  -2.00393793e-01   2.10704556e-01
   -2.71923957e-01  -6.92727291e-01  -1.78006964e-01   2.81553370e-01
    3.22883708e-01   3.88198731e-02   1.55587743e-01   7.37666166e-02
   -4.08281943e-01  -2.59907694e-01  -6.95088089e-02   1.69004111e-01]
 [  3.60666351e-02  -1.17766656e-01  -4.94929244e-01  -1.36469469e-01
    1.13344629e-01   9.31193636e-02   2.19415315e-01  -1.66101830e-01
   -2.52748005e-02  -1.17315419e-01  -4.93272936e-01  -3.72810581e-01
    2.20735060e-01  -3.06700330e-01  -2.92473060e-02  -3.95213102e-01
   -8.18228409e-02  -2.86489001e-02  -1.44183211e-02  -1.34172846e-02
   -1.75666584e-01  -4.49398529e-01  -1.64996433e-01   1.95361249e-01
    5.20519274e-01   1.06800287e-01  -1.28469749e-01   8.27215986e-02
   -3.54704339e-01   4.65725940e-02  -7.38145172e-02   2.42036263e-02
   -2.45166259e-01  -4.05167507e-01  -1.78468452e-01   1.57936751e-01
   -2.78586899e-01  -1.95471187e-01   1.55845100e-01  -3.00789017e-01
   -6.46875935e-02   1.97190232e-01  -2.20522224e-01  -3.78448512e-02
   -1.01828760e-01   2.08776732e-01  -2.79192494e-02  -4.73056226e-01
   -3.59017051e-02  -2.18945536e-01  -3.09304229e-02   1.53077410e-01
    2.42281364e-01  -3.78046422e-01   4.44944102e-01   5.82780101e-01
    4.22879134e-01  -1.94083577e-01   9.77778889e-03   6.00396624e-01
   -5.30001302e-02  -3.08148222e-01   5.29863538e-01   1.18137173e-01
    8.40397533e-02  -3.96909799e-01  -3.51981416e-01  -1.75689756e-02
   -2.00098447e-01  -1.32434522e-01  -5.79100841e-01   4.09749712e-01
   -4.27172777e-03  -1.60242696e-01  -4.19857162e-01  -1.49528120e-01
   -1.88762588e-01   1.50568519e-01   2.96138679e-01  -5.58864622e-01
   -3.06524343e-01  -1.43241096e-01   7.53350581e-02  -2.23562155e-01
    2.83338691e-02   1.03744299e-01  -4.16462731e-02  -1.35762343e-01
   -1.79223829e-01   1.32616021e-01   3.95788839e-01   4.67165124e-01
   -2.03453790e-01   1.61887659e-01  -1.30044957e-01   6.16205930e-01
    8.11640946e-02  -2.04440500e-01  -3.95165748e-01  -2.33563030e-01]
 [ -4.13875579e-01  -1.50373707e-01   3.14886124e-02  -3.98821148e-01
   -1.21804074e-01  -2.64624546e-01   3.22928457e-01   1.26549779e-03
   -3.00251085e-01  -2.69265656e-01   4.21043925e-01   4.07096508e-01
   -1.84666670e-01   7.05924945e-02  -6.39999978e-02  -1.26388184e-01
    5.57187394e-01  -1.71078687e-02   2.14639163e-01   5.45596106e-03
   -9.52328942e-02  -1.59853296e-01  -4.60318582e-02   1.57135453e-01
   -1.66870940e-01  -2.69004318e-02   1.32407070e-01  -3.16772815e-01
   -1.61041180e-02   1.33217590e-01   8.56133600e-02   7.52002120e-03
    4.68717985e-02   6.60452307e-02  -1.66809646e-02  -2.37437312e-01
    1.91804309e-01  -3.33325628e-02  -1.49594141e-01  -2.56052215e-01
   -1.99395131e-01  -1.19739818e-02  -1.69682033e-01  -2.94558788e-02
    9.18239587e-01  -3.02791837e-01  -5.94060679e-01   3.02843185e-01
    1.98235205e-01  -3.37139827e-01  -1.72506564e-01   3.82609551e-01
   -1.23667936e-02  -3.26909817e-01   1.06018600e-01   2.35432482e-03
   -3.06308114e-01   2.11974313e-01  -4.21864311e-01   1.62069366e-01
    6.17982678e-01  -9.49402656e-02  -1.75190717e-01   6.58007366e-01
   -6.28424113e-02  -5.21115906e-02  -1.40838370e-01  -2.34881613e-01
   -8.85826835e-02  -1.45812914e-01  -1.13239342e-01  -3.29734484e-01
   -2.49087547e-01   1.78103334e-01   1.21592055e-01  -4.36566485e-01
    4.62658397e-03  -5.01537155e-02  -8.62939367e-02  -1.16855938e-01
    3.03196929e-01  -1.52133945e-01   5.22281521e-02   1.55828873e-01
   -6.95565555e-02  -3.72307469e-02  -7.21616951e-03  -3.05258702e-01
    5.84505973e-01   1.55529856e-02  -3.74708428e-01   2.40488296e-01
    2.03164985e-01  -2.37848444e-01   9.94482758e-02  -1.43930059e-01
    3.69675016e-01  -4.44678594e-02   4.44580309e-01  -1.01912903e-01]
 [  1.66429198e-02  -1.39865061e-01   4.46924123e-01  -4.10428742e-02
    4.73661912e-01  -1.22976658e-01  -1.96192184e-01   1.18848380e-01
   -2.33226025e-01   6.56439369e-02   1.61039506e-01  -5.10013994e-01
    2.42822842e-01   2.18776493e-03  -2.03707108e-01  -5.65548353e-03
   -2.83844427e-01  -1.58679886e-01  -7.66010820e-03  -1.84501324e-01
   -3.04708144e-01   2.42939337e-01  -2.61799423e-01  -3.09391783e-02
   -5.78484146e-01  -3.03550191e-01  -8.47563135e-02  -3.32801955e-01
    3.56463328e-02   9.43051152e-02   3.21416687e-01  -7.29018704e-02
    2.17813775e-01   4.20887977e-01  -1.57102414e-01   4.78708813e-02
   -3.68959696e-02  -2.86130635e-01   6.16486547e-01   3.70619330e-01
   -1.43535477e-01  -7.11581080e-02   1.88260444e-02   1.04613150e-01
    2.43713716e-01  -9.81380415e-02   8.06021858e-02  -3.55114107e-01
   -1.88390004e-01  -5.95553242e-02  -3.38802269e-02  -1.03289801e-01
   -1.88099928e-01  -2.31923009e-01   1.62717576e-01  -3.19306664e-01
   -1.06176168e-01   1.93309017e-01  -1.39923238e-01   4.07716378e-01
   -5.72587172e-02  -8.53122972e-01   3.60656275e-01   2.42052735e-01
   -2.68477816e-01   4.81778910e-02  -7.60417608e-02   5.89589949e-03
    3.70992088e-01  -8.96379065e-02   6.16182170e-01   1.16621321e-01
   -1.34960811e-01   2.69891429e-01   3.91885770e-01  -2.40186198e-01
   -2.61354020e-01  -1.61859016e-01   9.37416489e-02   5.84764599e-01
   -3.65043490e-01  -2.08449568e-01   1.11901321e-02  -1.01866014e-01
   -4.70322005e-01  -8.71030483e-02   9.01109839e-02  -3.17927033e-01
   -4.09171053e-01   7.58942738e-03  -2.47329544e-01   2.80561527e-01
    5.20751060e-01  -2.08435234e-01  -4.07249517e-01  -5.57713571e-02
   -4.04926649e-01   9.39107178e-02   1.78122810e-01  -3.55715902e-01]
 [  8.33871843e-02  -1.39542072e-01   1.84081397e-01   8.62742146e-01
   -4.30173606e-03  -3.86869917e-01   2.50951521e-02  -5.48512753e-02
    2.68831097e-02  -7.36695189e-02  -3.46111536e-01  -3.36400896e-01
   -1.80038873e-01   4.41070722e-01   2.29150125e-01  -1.07291928e-01
   -2.14704856e-01  -2.42374314e-01  -3.36723502e-02  -1.71089667e-01
    3.28754525e-01  -3.43295194e-01  -1.39635503e-02  -5.04607357e-02
    1.02478911e-01  -2.08686628e-01  -5.56669597e-02  -2.28903086e-01
   -3.64459470e-02  -9.22980133e-02   1.08234284e-01  -1.11356460e-01
   -1.29294131e-01   6.60171752e-02  -1.23906425e-01  -1.10767190e-01
    1.90655632e-01   4.17780041e-01   1.76487091e-02  -6.30249268e-01
   -1.77073550e-01   2.18688234e-01   2.41471175e-01   9.94220030e-02
    5.48435414e-01   8.69680149e-03   4.55998288e-02   2.47419104e-01
   -2.63934255e-01   5.64613045e-02  -5.72555871e-02   4.36044284e-02
    2.20958355e-02  -9.21061609e-02  -1.25488847e-01  -3.73977295e-01
   -2.76642154e-01  -1.19892264e-01  -2.06608073e-01  -3.73430222e-01
   -1.07813655e-01   1.35856708e-01  -3.34115828e-01   2.54985586e-01
    1.06276180e-01   2.00475874e-02  -8.86294120e-02   1.47354343e-01
   -1.30844479e-01   1.52293051e-01   6.35650200e-01   5.82043196e-02
    4.07709198e-01   7.97655030e-02   3.95005320e-02   6.83591765e-01
   -2.32429152e-01  -2.29111955e-01   5.58866803e-02   3.46643126e-01
   -2.91458098e-01  -1.24986557e-01  -5.68331070e-01  -3.47764581e-01
    1.85874075e-01  -1.04354525e-01  -5.06447205e-02  -2.52418623e-01
    8.80206745e-02   2.30867071e-01  -3.34968408e-01  -6.37737814e-01
   -1.54065062e-01  -2.69515212e-01  -3.93706010e-01  -2.46657758e-01
   -9.79701468e-02   6.57496814e-02  -6.26151998e-02   7.27500086e-02]
 [ -1.04941490e-01  -5.90513597e-02  -7.44327006e-02  -5.76367812e-02
   -5.46480446e-01  -1.47722459e-01  -3.70434225e-01   4.05705413e-02
    7.82663592e-03   4.78087688e-01   2.68015460e-01   3.38210745e-02
    1.64396754e-01   4.03737905e-01   2.71460953e-01  -6.62185712e-02
   -3.47100339e-02  -2.17344692e-01  -1.56272264e-02  -1.47015587e-01
   -1.30011982e-01   4.51673737e-02   3.66276922e-03  -5.30565802e-01
   -3.66311827e-03  -1.33095353e-01  -2.37160951e-02   2.44351896e-01
    2.96008495e-01  -2.45699758e-01  -2.05054613e-01  -2.68087698e-01
    4.32687062e-01  -1.74260914e-01  -6.11898857e-02  -1.98741893e-01
   -2.33803285e-01   9.86024527e-02   9.18274033e-02   2.59874538e-01
    1.55452132e-01   9.31618714e-02  -2.25502092e-01  -1.02546990e-01
   -3.36595796e-01  -1.90452721e-01   1.90717394e-02  -4.60051891e-01
    2.07358839e-01   9.25831386e-01  -1.36614745e-01  -1.21030233e-01
   -7.43886084e-02  -2.48022991e-01  -8.19075601e-02  -9.10360269e-03
    1.67532232e-01  -3.25984794e-01   2.45214030e-02  -4.24484432e-01
   -1.28167992e-01  -1.67850527e-01  -1.90366991e-02   1.66869906e-01
   -8.29684493e-02  -3.98929881e-02   8.23575000e-01  -2.59563258e-01
   -2.90451226e-02  -1.08542667e-01  -2.43333723e-02  -2.34225949e-01
    1.85804006e-01  -7.10347057e-02   1.62649308e-01  -1.20633038e-01
    3.54003948e-01  -9.36982942e-03  -7.77007309e-02   1.72738566e-01
    4.49965200e-01  -1.08419483e-01  -4.72094667e-02   2.23608089e-01
    1.98795337e-01  -1.11501340e-01  -8.00258900e-02  -1.98784469e-01
   -3.40633376e-01   1.91412266e-01   6.47562113e-01  -3.85825264e-03
   -2.97257978e-01   5.25042857e-01   3.53123735e-02  -5.79546624e-02
    2.65920537e-01  -3.27040624e-01  -2.34696266e-01   1.02157412e-01]
 [ -1.30892980e-01  -1.37012877e-01  -3.75244742e-01  -7.47541374e-01
   -1.05251285e-01  -2.75254142e-01   5.12103407e-03   1.43475179e-01
    3.39480234e-02   1.79230106e-01  -6.70349470e-01  -2.01553880e-01
   -3.39741401e-01  -3.38834048e-01  -5.53133045e-01   1.41170774e-01
   -2.44566400e-01  -1.18041759e-01  -1.34156134e-01  -2.16473656e-01
   -2.45402221e-01  -1.12091032e-01  -2.15742565e-02   1.54959033e-01
    4.35800946e-02   5.22429258e-01   1.39422766e-02  -1.91636222e-01
   -2.05751320e-01   1.16543930e-01  -3.94091365e-01  -4.02192347e-02
   -2.60971299e-01   4.24219643e-01  -6.57997892e-02   9.95747660e-02
    1.42250833e-01  -3.04664166e-01   1.82890199e-01   4.68449262e-01
   -1.82827106e-01   3.05666431e-01  -1.23125184e-01  -6.55420963e-02
   -2.16103264e-01  -3.94648063e-01   3.98624325e-02   4.27341023e-01
   -2.59558458e-01  -2.42726312e-01  -1.19910346e-03  -2.96533811e-01
   -2.94838327e-01   3.54736380e-01  -1.45760201e-01  -3.74420520e-01
   -3.80498663e-01  -1.59153625e-01   1.78096859e-01   1.58717207e-01
    1.77266234e-01  -6.74861456e-01  -7.95237317e-01  -3.20304278e-01
    1.67024551e-01  -3.02162145e-02  -4.16378535e-01   1.34714503e-01
   -4.78962410e-01   4.66514616e-02  -9.49827373e-02  -3.78991419e-01
    3.29437885e-01  -1.47200283e-01  -3.01297368e-01  -2.78866467e-01
    1.72819836e-01  -1.44322870e-01  -2.11842195e-01   3.95542748e-01
   -3.58542863e-01  -1.03124863e-02  -1.34307331e-01   1.29856767e-01
   -2.95673662e-01  -5.41976208e-02  -1.41658461e-01  -1.18706440e-01
   -3.87725636e-01   6.43144679e-01  -5.54176622e-01  -5.17980782e-01
   -1.96276774e-01  -1.41052684e-01  -5.31046968e-02  -3.71039335e-01
   -5.29259305e-01   3.76186158e-01   2.09922853e-01   7.75545745e-02]
 [ -1.33414262e-01  -7.21421018e-03   1.19825912e-01  -2.82878642e-01
   -2.91248698e-01  -9.46186371e-04  -3.78405790e-01   1.34318256e-01
   -2.96174743e-01  -1.46904804e-01   5.17199648e-01  -2.48622770e-01
   -3.43297343e-01  -3.83592843e-01   9.14420886e-02   2.25915545e-02
    9.65373333e-02  -3.48397306e-03  -1.58658631e-01  -1.55096894e-01
    1.58635748e-01  -1.09626232e-01  -6.20957249e-02   2.25477471e-01
    2.70727847e-01  -2.82124678e-01   3.90609214e-02  -9.10072727e-02
   -1.13698594e-01  -7.87652476e-02   2.76374734e-01  -5.44473978e-02
   -1.87012452e-01  -1.89062320e-01  -8.25892380e-02   9.34337998e-03
    1.70604058e-01   3.26058485e-01   1.96909117e-02  -8.58212232e-01
   -7.22596739e-02   1.18528003e-01   3.50315897e-01  -3.96140920e-03
   -9.71449530e-01  -5.34021780e-02   2.48999375e-01  -1.16139187e-01
    2.10957897e-01  -4.47674520e-01  -3.74853437e-02  -1.51792831e-02
   -3.02094227e-02   5.72478701e-01  -2.30459531e-02  -2.33457729e-01
    2.40060976e-01  -3.93571817e-01   1.30773427e-01   3.93179951e-02
   -3.36803970e-01   5.66316941e-02  -9.04950842e-02  -4.65796039e-01
   -3.26040916e-01   1.17123448e-01  -3.97526093e-01   1.24685530e-01
   -1.35801229e-01  -8.74989284e-02  -2.02075991e-01  -2.38749519e-01
   -4.08359874e-01  -3.75612682e-01  -2.76470644e-01   7.64764806e-03
   -4.30416307e-01  -3.19500479e-02  -2.26246368e-01   2.60528567e-01
    7.72083325e-01   1.80027383e-02  -1.81166802e-01   7.97685219e-02
    3.65184377e-01   1.23507915e-02  -1.50888124e-01  -1.06269500e-01
    2.93965278e-01   3.48055562e-01  -4.42155748e-01   2.13799546e-03
   -2.83474394e-01  -1.88515076e-01  -1.48630521e-02  -5.39669476e-02
   -7.98037786e-02   2.79681869e-01  -1.56772982e-01   1.69332270e-01]]
b:[[-0.171658  ]
 [-0.08451973]
 [-0.08472379]
 [-0.08388836]
 [-0.11725129]
 [-0.17554356]
 [-0.17141284]
 [-0.13660947]
 [-0.07206838]
 [-0.05097539]]
None
Fri Sep 22 11:24:14 2017 epoch 3 finished, loss 0.059646
Fri Sep 22 11:25:02 2017 epoch 4 finished, loss 0.164087
Fri Sep 22 11:25:03 2017 after epoch 4, error ratio is 0.129600
W: [[-0.04184184  0.0489665   0.02877541 ..., -0.07876361 -0.04270131
   0.0245262 ]
 [ 0.09176932  0.09627386  0.05557584 ..., -0.08679145  0.0717949
   0.09208369]
 [ 0.02277187  0.04085077 -0.03083025 ...,  0.02774666  0.00291379
  -0.09186053]
 ..., 
 [ 0.01074193 -0.00916614  0.06278287 ..., -0.00542825  0.05254616
   0.08568066]
 [ 0.00152967  0.08943492 -0.01796224 ...,  0.01294654 -0.02794344
   0.00556163]
 [ 0.08587538 -0.08571832  0.09009972 ..., -0.09579411  0.0492365
  -0.07343576]]
b:[[  3.33973878e-05]
 [  2.11744659e-04]
 [ -6.23690970e-04]
 [  4.22716957e-04]
 [  1.30437682e-04]
 [ -1.08491479e-03]
 [ -5.43771545e-04]
 [  5.12913674e-04]
 [  3.54329940e-04]
 [  5.41107531e-04]
 [  7.12352640e-04]
 [ -7.91201268e-04]
 [ -5.86673812e-04]
 [  2.81626020e-04]
 [  6.15386488e-04]
 [  4.27645782e-04]
 [ -1.31666154e-04]
 [  1.72067952e-04]
 [  5.27294980e-04]
 [ -8.93302172e-04]
 [ -2.07367897e-04]
 [  6.37689309e-04]
 [ -1.07480676e-04]
 [ -8.72964405e-04]
 [ -7.03935602e-04]
 [  1.24362195e-04]
 [  4.51043326e-05]
 [  5.50320719e-04]
 [  4.50257521e-04]
 [  1.46973205e-04]
 [  5.88438907e-04]
 [  2.05585028e-04]
 [  7.73818176e-04]
 [ -3.87108001e-04]
 [  1.68370531e-04]
 [  5.27441661e-04]
 [  7.47773659e-04]
 [ -4.26118297e-04]
 [  1.05211118e-03]
 [  1.43608694e-03]
 [  5.56492907e-04]
 [  1.94271887e-04]
 [  5.02543462e-04]
 [ -2.30056220e-04]
 [  5.78458220e-04]
 [  6.44434984e-04]
 [  6.26578786e-04]
 [ -1.22666084e-03]
 [ -1.21377135e-04]
 [  5.40114202e-05]
 [  2.26987411e-04]
 [  6.73138264e-04]
 [  4.92756087e-04]
 [ -9.85422091e-04]
 [  4.87312893e-04]
 [ -4.10537829e-04]
 [ -3.64018539e-04]
 [ -4.41646137e-04]
 [  5.93161451e-05]
 [ -1.23199554e-03]
 [  3.73111746e-04]
 [ -1.40944965e-03]
 [  1.00398852e-03]
 [  1.48022186e-03]
 [ -4.38144723e-04]
 [  9.38234096e-04]
 [  4.99583452e-04]
 [ -3.71207340e-04]
 [ -1.59617392e-04]
 [ -6.75961299e-04]
 [  9.34888829e-04]
 [  5.44887836e-04]
 [  5.69463143e-04]
 [ -2.34090294e-04]
 [ -2.74064463e-04]
 [ -2.58288093e-04]
 [  4.20105364e-04]
 [  5.58082869e-04]
 [  1.07325928e-03]
 [  3.88669754e-04]
 [ -4.78893243e-05]
 [  2.30615642e-04]
 [  5.14142166e-04]
 [ -2.06231623e-04]
 [ -6.14481853e-04]
 [  3.66434864e-04]
 [  4.43010359e-04]
 [  2.93801432e-04]
 [  4.54590869e-04]
 [  1.16997541e-03]
 [ -4.48040246e-05]
 [  1.93349684e-03]
 [  1.15596764e-03]
 [ -6.93284101e-04]
 [  6.52695991e-04]
 [ -3.90805732e-04]
 [  1.25147985e-03]
 [  6.61095805e-04]
 [  6.84370505e-04]
 [  2.66448683e-04]]
W: [[ -5.43577896e-01  -2.35603536e-01   2.64680097e-01  -3.86946804e-01
    3.79445716e-01   4.02935582e-01  -1.37782703e-02  -1.01897316e-01
   -3.48626377e-02  -1.08793516e-01  -2.19907011e-01   5.58764657e-01
    2.14040415e-01  -3.57476469e-01  -1.90265050e-01  -1.10006579e-01
   -1.23722158e-01  -1.46224790e-01  -1.18576786e-01   9.94674777e-01
   -2.03711995e-01   3.71772072e-01   6.68364855e-01   1.55471556e-01
   -3.93465261e-02  -1.56365595e-01  -2.87618823e-01   1.95558397e-01
   -2.32727819e-01   8.11179771e-02   1.33884059e-02  -1.44787951e-01
   -1.22769184e-01  -1.56072999e-01  -9.70157490e-02  -3.36508361e-01
   -2.07506578e-01  -2.09771885e-01  -1.13310589e+00  -2.59638486e-02
    1.95115297e-02   1.79193802e-01  -4.58380057e-02   1.12824624e-01
   -1.77662080e-01  -2.35741527e-02  -7.80454684e-02   6.21160463e-01
   -1.88774612e-01  -1.93806651e-01  -1.76986436e-01  -1.73082663e-01
    6.60718273e-02   2.98077619e-02  -2.81971829e-01  -1.81836026e-01
   -2.17748739e-01  -5.39366589e-03   1.97803913e-01  -6.43331309e-01
    2.15809628e-02   8.61730633e-01   3.78422412e-01  -3.59858748e-01
   -2.00031431e-01   1.03336442e-01   3.86042989e-02  -2.98973207e-01
    5.04040006e-02   5.23611045e-01   1.23049010e-01   1.51546390e-02
    1.81859039e-01  -3.77181113e-02   6.30842517e-02  -1.99507022e-01
    2.10093482e-02   2.25794894e-02   1.23176099e-01   1.49963675e-01
   -2.08824689e-01  -2.56904135e-01   7.17162736e-02  -1.34942595e-01
    3.02856154e-01  -1.56277737e-01  -4.67278845e-02   4.54305019e-02
   -2.05555648e-03   2.49178545e-01   6.67970538e-01  -4.01856745e-02
   -9.52803858e-02  -1.78370743e-01   2.43427391e-01  -1.23246983e-01
    7.44823629e-02  -2.41688422e-01   2.11431850e-01  -3.00670157e-01]
 [ -1.67920299e-01  -4.27486634e-02   2.50656857e-01   5.25754595e-01
    8.10912855e-02  -4.23171804e-01  -1.11599350e-01  -1.40745040e-01
    7.12080253e-02  -3.29918305e-01   1.32239044e-01  -1.26572082e-02
   -5.90618542e-02  -4.96515198e-02   1.06543835e-01   6.82659174e-02
    4.44667789e-02  -1.47646330e-01  -5.71295111e-02   3.67771248e-01
    3.76149979e-01   4.38503590e-01  -1.44385864e-01   1.19793804e-01
   -2.68474544e-03  -6.07113871e-02   4.55580819e-03  -1.05036594e-01
    1.99759814e-01  -5.94966928e-01   2.90101728e-01  -1.09909101e-01
    3.75236472e-01  -1.52339428e-01  -3.18306992e-02   7.41904840e-02
   -4.65843482e-02  -7.47093785e-03  -1.19107625e-01   2.28114209e-01
    2.80142277e-01  -7.13731749e-02  -5.10553120e-02  -1.40932774e-01
   -3.07289459e-01   9.17106013e-02  -2.89922918e-01  -6.73151639e-02
   -9.06061581e-02   3.61329417e-02  -1.21321087e-01  -3.23550496e-02
   -1.97968088e-01   5.44281099e-01   1.86489968e-02   2.16174472e-01
    5.90665622e-02   6.66677155e-01  -1.80531882e-01  -1.67090728e-02
   -1.13409574e-01   8.36995341e-02  -1.76993769e-01   3.16018008e-03
    1.76690018e-01   1.35490249e-01   4.18771976e-01   6.07757070e-02
    6.08590832e-01   1.39149405e-01  -1.75625980e-01  -3.73955893e-01
   -3.02488240e-01   1.18915983e-01  -6.88588591e-02  -1.37853136e-01
   -7.91773843e-02   1.29341589e-01   9.42205890e-04  -4.31689871e-01
   -3.95958310e-01  -1.77578880e-01   1.62288091e-01  -1.13099252e-01
   -3.58905359e-01  -4.29562454e-01   4.27808697e-02   3.78365591e-01
    4.52277068e-01  -2.06139332e-01  -1.35201054e-01  -2.76195101e-01
   -5.65476666e-02  -3.24674226e-01   1.11371918e-01   4.23168693e-02
    3.14712342e-01   1.82354689e-01  -2.59184883e-02  -8.88850936e-02]
 [  8.72855051e-01  -7.11079931e-02  -7.41543093e-01   1.20845302e-01
   -3.12224450e-01   5.84853492e-01   1.22702887e-01  -3.26457756e-01
    1.17989003e-01   1.11923584e-02  -2.76232758e-01   1.00605578e-01
   -2.91911609e-03  -4.49056174e-02   2.13231320e-01  -2.21062941e-01
   -4.59761523e-02  -1.99102440e-01  -6.91062576e-02  -5.21306520e-01
   -1.56321224e-01  -3.16635784e-01  -1.32976737e-01  -9.20976221e-02
    1.95754731e-01   9.57471312e-02  -2.67182960e-01   1.44313826e-01
    3.63508010e-01   4.85019166e-01  -1.91677668e-01  -1.91951979e-01
   -8.94853534e-02   1.01570114e-01  -1.36034564e-01  -1.00424193e-01
   -2.81953761e-01  -2.76830246e-01   1.30007227e-01   2.67147493e-01
   -3.96585613e-02  -6.38392320e-01   2.20046688e-02  -1.38817714e-01
   -1.43359874e-01   8.60606718e-02   3.96404059e-02   4.13708781e-01
   -1.76617552e-03  -3.13144489e-02   3.19702265e-02  -3.08944988e-01
    2.23311795e-01  -5.99067506e-01  -1.84158765e-01   4.90769846e-01
   -2.85820425e-01  -2.69279239e-01   4.48934454e-01  -7.07982420e-01
   -1.84324643e-01   3.50225037e-01  -4.71736747e-01  -2.53029346e-01
    2.66442265e-02   1.56909941e-01   1.60294023e-01   1.95591831e-02
   -2.21414576e-01  -2.39926060e-01  -5.29760245e-01   3.51724124e-01
   -2.67265515e-01   2.30500290e-01  -3.72539166e-01  -7.76051532e-02
    5.09552635e-01  -3.14953470e-01  -2.36043588e-01  -2.11388204e-01
   -3.71707736e-02  -1.74658936e-01   3.54204259e-03  -2.74611544e-01
    4.55726545e-01  -1.73383318e-02  -2.18408440e-01   1.92387935e-01
   -3.78434680e-01  -8.03819590e-01  -3.29495873e-01   2.15413680e-01
    4.99006611e-01  -2.03223166e-04   1.36690012e-01   7.38289719e-02
   -4.27169249e-01  -2.69274086e-01  -1.92434733e-01   1.52344989e-01]
 [ -2.12114325e-01  -1.37415178e-01  -6.96293028e-01   1.62923745e-02
    1.05230493e-01   8.67902544e-02   2.15836036e-01  -1.92502398e-01
   -4.71143081e-02  -2.28868132e-01  -4.89840818e-01  -3.71393978e-01
    2.21994003e-01  -1.38965974e-01  -5.05125983e-02  -4.18291140e-01
   -2.34892610e-03  -5.09639025e-02   4.45106934e-02  -2.12501302e-01
   -1.58750740e-01  -5.14396831e-01  -1.75388343e-01   1.29508376e-01
    3.55462354e-01   8.42404052e-02  -3.99303989e-01   6.04450697e-02
   -4.08665336e-01   1.05274652e-01  -2.35411769e-01   4.31276995e-03
   -2.59545194e-01  -5.44947104e-01  -2.25547004e-01   1.35557249e-01
   -2.95794732e-01  -1.91322056e-01   1.79880439e-01  -3.20629239e-01
   -8.69944363e-02  -1.09971438e-01  -2.20427025e-01  -3.78326838e-02
    1.38888426e-02   1.85417781e-01  -8.11915009e-02  -7.57515846e-01
   -3.71862749e-02  -2.95690002e-01  -5.21368094e-02   1.26280404e-01
    2.19991227e-01  -4.03083587e-01   4.21381315e-01   6.79970172e-01
    4.95270656e-01  -3.53474478e-01  -6.18433947e-03   5.94647060e-01
   -2.55072516e-02  -4.46935709e-01   6.41393268e-01   1.27598437e-01
    2.87335132e-01  -5.84599265e-01  -5.93427031e-01  -1.80307399e-02
   -1.99990938e-01  -2.40588721e-01  -5.92657173e-01   3.75470709e-01
    5.85360977e-03  -3.43080793e-01  -4.19728365e-01  -1.26587245e-01
    7.96175228e-02   1.28307938e-01   2.73822252e-01  -7.80702579e-01
   -2.99689919e-01  -1.64322381e-01   1.31238216e-01  -2.51294055e-01
    2.10831906e-01   3.14334471e-01  -6.17032334e-02  -1.58038872e-01
   -1.75035590e-02   2.37444073e-01   3.63204485e-01   4.84599127e-01
   -2.68900628e-01   1.17437291e-01  -1.56765322e-01   6.16858464e-01
    1.28319516e-01  -2.07447407e-01  -2.92762961e-01  -2.54619189e-01]
 [ -6.71945631e-01  -1.67191632e-01  -4.16950786e-02  -4.53145485e-01
   -1.64166065e-01   4.48800562e-02   3.10380322e-01  -1.59937049e-02
   -3.15880756e-01  -3.96249033e-01   4.83714307e-01   4.00963696e-01
   -1.84631218e-01   1.08962816e-01  -7.97394284e-02  -1.43078689e-01
    7.01970201e-01  -3.32220859e-02   1.51093259e-01   6.77150915e-02
   -1.79508696e-01  -3.03688148e-01  -7.42176237e-02   1.96323758e-01
   -2.76341104e-01  -3.59565614e-02   2.39335196e-01  -3.33436505e-01
   -8.17956289e-02   2.47808878e-01  -1.39004033e-01  -8.45444687e-03
    5.84473716e-02   3.44163689e-02  -2.57395771e-02  -2.50849870e-01
    1.75945263e-01  -1.21601590e-01  -1.72818837e-01  -2.69738668e-01
   -2.20653947e-01  -6.72654487e-02  -1.66534957e-01  -3.10231524e-02
    8.28746826e-01  -2.80940650e-01  -8.46425755e-01   1.29902616e-01
    1.98705722e-01  -3.66469590e-01  -1.86112255e-01   3.65450066e-01
   -2.71240064e-02  -2.95511138e-01   9.61968720e-02   6.56896107e-02
   -5.33993785e-01   1.75989237e-01  -4.45562951e-01   1.27173102e-01
    5.59936991e-01   1.00766030e-01  -8.04345981e-02   6.10675596e-01
   -7.17417438e-02  -1.24806482e-01  -2.42882733e-01  -2.36024475e-01
   -9.29810899e-02  -8.03111993e-02  -2.15202952e-01  -3.31338649e-01
   -8.59180914e-02   2.80469725e-01   1.18475441e-01  -1.23771057e-01
   -1.88687638e-02  -6.44843484e-02  -1.01713111e-01  -2.58720433e-01
    4.06992976e-01  -1.70721214e-01   1.35456923e-01   3.38660300e-01
   -2.14094274e-02   3.47663248e-02  -2.77806995e-02  -3.21922393e-01
    3.30515226e-01   4.36897682e-02  -3.65051879e-01   1.96723219e-01
    3.92762421e-01  -2.28990381e-01   8.63354430e-02  -1.43851640e-01
    3.95621659e-01  -6.20742233e-02   2.37547395e-01  -1.18697259e-01]
 [  5.35867062e-02  -1.55158205e-01   6.49890831e-01  -1.21549107e-02
    8.27526331e-01  -2.84158739e-01  -1.97487334e-01   1.02919414e-01
   -2.46688466e-01   2.49507661e-01   6.21535956e-02  -5.12078512e-01
    2.40499809e-01  -9.58569394e-02  -2.13923497e-01  -2.04755075e-02
   -3.48746254e-01  -1.73498267e-01  -8.98308382e-03  -6.50220880e-01
   -4.14905855e-01   5.62451076e-01  -2.29069393e-01  -5.76244183e-02
   -4.60697332e-01  -3.16143661e-01  -1.11276872e-01  -3.47630684e-01
    3.04539451e-01   9.94800179e-02   4.08468169e-01  -8.35463872e-02
    1.90759915e-01   4.58218367e-01  -1.67572384e-01   3.30604008e-02
   -5.93637987e-02  -2.80199348e-01   6.68254831e-01   3.48831097e-01
   -1.57162531e-01   8.65477003e-02   2.13366576e-02   1.04721983e-01
    1.88536821e-01  -1.04992114e-01   2.34670690e-01  -5.63751534e-01
   -1.88130099e-01  -1.10804426e-01  -4.54624013e-02  -1.17165049e-01
   -2.02487814e-01  -2.55529088e-01   1.42794227e-01  -3.43868184e-01
   -1.50347258e-01   2.54047599e-01  -1.84843593e-01   2.91973727e-01
   -1.26245280e-01  -1.16668449e+00   4.54931108e-01   9.75540693e-02
   -3.01019853e-01   1.50859100e-01  -5.55280889e-02   1.53530304e-03
    3.77351370e-01  -2.83629849e-01   5.35187431e-01   9.45638984e-02
   -1.23950358e-01   4.48666675e-01   3.88884273e-01  -2.33826428e-01
   -3.97496137e-01  -1.77006278e-01   7.90888924e-02   8.29055407e-01
   -6.51344092e-01  -2.16762567e-01   6.62987784e-02  -2.26855367e-02
   -5.27614942e-01  -8.03602467e-02   7.59235423e-02  -3.32755761e-01
   -5.20039750e-01  -6.76069688e-02  -2.60511035e-01   3.01206408e-01
    5.21983537e-01  -1.94050386e-01  -4.20802952e-01  -5.41449913e-02
   -2.93394486e-01   7.91528808e-02   1.96724421e-01  -3.66901213e-01]
 [  2.08774755e-01  -1.30034882e-01   3.18945855e-01   9.16651723e-01
   -8.39736482e-02  -5.90602221e-01   6.15437721e-03  -4.31560718e-02
    3.42779247e-02   2.00714921e-02  -4.54218507e-01  -3.40717138e-01
   -1.79858783e-01   4.32676751e-01   2.36179447e-01  -1.00076713e-01
   -1.54798175e-01  -2.34449833e-01  -1.67105262e-02  -2.76997588e-01
    3.90232751e-01  -4.52199719e-01   1.29494226e-02  -1.23611743e-01
   -1.14082673e-02  -1.95936748e-01  -1.45934137e-01  -2.21654847e-01
   -3.22590363e-01  -1.47592435e-01   1.65369495e-01  -1.03445128e-01
   -1.10291143e-01  -6.37603868e-02  -1.17146419e-01  -1.02849719e-01
    1.97633476e-01   4.69957939e-01   8.89950445e-02  -5.24911423e-01
   -1.61546121e-01   3.75651230e-01   2.99028090e-01   9.93492561e-02
    4.70257196e-01   4.19925868e-02   1.85578751e-01   3.59314527e-01
   -2.63870392e-01   1.35869952e-01  -4.76640587e-02   5.05161501e-02
    2.99708430e-02  -1.76968895e-01  -9.01483170e-02  -4.93406197e-01
   -1.10376273e-01  -2.72668464e-01  -3.28214881e-01  -2.13909977e-01
    1.34969957e-01   2.16880288e-01  -2.23397616e-01   6.28822358e-02
    1.25240800e-01   6.16773984e-02  -1.55611167e-01   1.50361499e-01
   -1.31996479e-01   8.85527862e-02   5.04846263e-01   1.49565210e-01
    4.56078943e-01   5.05908223e-02   3.94303204e-02   6.90941169e-01
   -3.05760594e-01  -2.19650775e-01   6.36302046e-02   5.07911733e-01
   -2.90452467e-01  -1.14236468e-01  -6.23872860e-01  -4.73994784e-01
    2.56775283e-01   2.18898524e-02  -4.07170671e-02  -2.45170384e-01
    2.54012089e-01   3.39574919e-01  -3.17452657e-01  -5.30803226e-01
   -3.71367682e-01  -2.60333290e-01  -3.78200399e-01  -2.46618954e-01
   -7.24559235e-03   7.28516678e-02   1.69802068e-01   7.99166022e-02]
 [ -1.25215187e-01  -8.60628452e-02   5.38464724e-02  -2.03774007e-01
   -5.12685632e-01  -4.09361588e-01  -3.65120213e-01   1.38822747e-02
   -1.98969458e-02   3.80844941e-01   3.62332992e-01   3.49016510e-02
    1.63586222e-01   3.48948842e-01   2.43506356e-01  -9.39036503e-02
   -9.18282597e-02  -2.47208492e-01  -3.57227612e-02  -1.17010903e-01
   -3.74447719e-02   1.80893926e-02   1.86630444e-03  -6.62718418e-01
    1.40084478e-02  -1.61284020e-01  -1.91574044e-02   2.16707129e-01
    2.90549788e-01  -4.81511143e-01  -1.36145234e-01  -3.15066367e-01
    4.02342379e-01  -1.95072098e-01  -8.35909544e-02  -2.26396967e-01
   -2.60462307e-01   1.02357111e-01   6.73153958e-02   2.33883801e-01
    1.28113114e-01   1.40762148e-01  -1.84456954e-01  -1.02507868e-01
   -3.08094325e-01  -2.20292079e-01   1.07109215e-01  -3.04772325e-01
    2.05721361e-01   9.31980091e-01  -1.72163095e-01  -1.49158077e-01
   -1.02052882e-01  -2.43601227e-01  -9.41952972e-02   6.50939316e-02
    2.11257131e-01  -2.80907299e-01  -3.00152047e-02  -4.97111854e-01
   -1.34648089e-01  -1.52922289e-01  -5.57379628e-02   1.81300732e-01
    2.25989796e-02  -3.16394808e-02   1.13291774e+00  -2.59353066e-01
   -2.93212608e-02  -6.50748848e-02   6.37887228e-02  -2.62264622e-01
    1.37929697e-01  -2.11504129e-01   1.71623271e-01  -7.87231737e-02
    2.93356364e-01  -3.70903634e-02  -1.05400071e-01   1.48793014e-01
    5.28763219e-01  -1.34468426e-01   5.96795879e-02   1.81265232e-01
    1.11138577e-01  -1.85152731e-01  -1.09412840e-01  -2.26429236e-01
   -3.16753059e-01   2.28619889e-01   7.67102824e-01   9.15943269e-03
   -3.22459208e-01   5.23107839e-01   6.53399083e-03  -5.80804754e-02
    2.14847560e-01  -3.61785689e-01  -1.96355509e-01   7.44673677e-02]
 [ -5.69081438e-01  -1.31688190e-01  -3.52054856e-01  -6.93584001e-01
   -5.50406599e-01  -5.99887932e-01   3.10080817e-03   1.47447174e-01
    3.98123884e-02   3.17573015e-01  -5.96830695e-01  -2.03536582e-01
   -3.40233160e-01  -4.88522436e-01  -5.43382000e-01   1.46151893e-01
   -9.71482153e-02  -1.13137379e-01  -9.74848917e-02  -1.81764286e-01
   -3.03207061e-01  -2.60905601e-01   6.61063172e-03   3.07528734e-02
   -1.02489001e-01   5.27074932e-01  -1.69697260e-01  -1.86707110e-01
   -2.52998197e-01   3.12688136e-01  -4.67828845e-01  -3.61731021e-02
   -2.24412897e-01   3.83716491e-01  -5.82616792e-02   1.04385218e-01
    1.47937510e-01  -3.00029928e-01   1.78168079e-01   4.78663148e-01
   -1.77174928e-01   2.74859757e-01  -7.48292506e-02  -6.57137326e-02
   -2.37972439e-01  -3.98249968e-01   1.26075558e-01   6.06128555e-01
   -2.59357758e-01  -1.38289832e-01   3.10623050e-03  -2.77972570e-01
   -2.88759117e-01   4.53137428e-01  -1.37058822e-01  -7.09902311e-01
   -5.74901135e-01  -2.27813523e-01   2.10424811e-01   1.66445403e-01
    2.26167501e-01  -6.37447218e-01  -8.22389004e-01  -2.22589563e-01
    3.05385183e-01   7.65855730e-02  -5.21479515e-01   1.27611274e-01
   -4.80166248e-01   3.65618612e-02  -3.88707222e-01  -3.34276492e-01
    4.16180108e-01  -5.58752514e-01  -3.01045993e-01  -4.56697465e-01
    2.71001182e-01  -1.38858551e-01  -2.05467098e-01   4.64630584e-01
   -6.62888608e-01   9.80293271e-04   6.18566324e-02   1.74184573e-01
   -2.58789062e-01   6.32162222e-02  -1.36407294e-01  -1.13777327e-01
   -3.72614322e-01   6.78514113e-01  -5.68810221e-01  -4.80359887e-01
   -3.66776507e-01  -1.35262960e-01  -4.43740363e-02  -3.71762419e-01
   -4.33197244e-01   3.80091754e-01   2.60151366e-01   8.28027017e-02]
 [ -5.02201096e-02  -2.44049746e-02   4.04097554e-02  -2.33699425e-01
   -4.09005333e-01   1.57201790e-01  -3.78303715e-01   1.16526613e-01
   -3.12008393e-01  -8.11789487e-02   8.33406426e-01  -2.46329591e-01
   -3.43091827e-01  -3.88019665e-01   7.47091492e-02   5.78841900e-03
   -7.27561350e-02  -1.90430470e-02  -1.63018111e-01  -6.62216380e-02
    1.89122205e-01  -2.07853286e-01  -7.49102464e-02   4.49117127e-01
    2.63668901e-01  -3.01859250e-01   2.64521558e-01  -1.07959107e-01
   -2.34771259e-01  -3.96844588e-02   4.01412804e-01  -5.56380308e-02
   -2.30307030e-01  -2.58322921e-01  -9.61151891e-02  -6.73089690e-03
    1.53552328e-01   3.14311199e-01  -1.40929039e-02  -6.11508401e-01
   -8.37813411e-02   9.70632787e-02   3.36696786e-01  -3.94525436e-03
   -8.65494625e-01  -4.29014369e-02   5.61454272e-01   1.22117051e-01
    2.07690821e-01  -6.57489594e-01  -4.73257044e-02  -2.76446581e-02
   -4.67442946e-02   4.62866805e-01  -3.76297041e-02  -2.61576910e-01
    4.42138085e-01  -2.94327690e-01   3.96810409e-01   6.72862744e-02
   -3.25889105e-01   1.42554431e-01  -1.31554619e-01  -8.32320783e-01
   -3.03647269e-01   8.88186417e-02  -6.90142499e-01   1.26748490e-01
   -1.35749680e-01  -5.73985070e-02  -3.03382114e-01  -1.45831805e-01
   -5.06387028e-01  -4.20125875e-01  -2.80713466e-01  -7.22922423e-02
   -4.82741245e-01  -4.87610245e-02  -2.42808606e-01   2.23473805e-01
    8.93896440e-01   4.09961176e-04  -1.19728535e-01  -1.59806827e-01
    4.49547166e-01   1.58476904e-01  -1.66185316e-01  -1.23221334e-01
    6.47049875e-01   2.64807678e-01  -7.70432290e-01  -3.55751493e-02
   -3.43882641e-01  -2.43464742e-01  -3.01925989e-02  -5.38910758e-02
   -2.85403954e-02   2.64001544e-01   1.12454889e-01   1.52224934e-01]]
b:[[-0.18054136]
 [-0.08355446]
 [-0.10304041]
 [-0.10616489]
 [-0.13391498]
 [-0.19037229]
 [-0.1641646 ]
 [-0.16425424]
 [-0.06713926]
 [-0.06792722]]
None
Fri Sep 22 11:25:52 2017 epoch 5 finished, loss 0.079980
Fri Sep 22 11:26:40 2017 epoch 6 finished, loss 0.016606
Fri Sep 22 11:26:41 2017 after epoch 6, error ratio is 0.138900
